
CPU：Intel(R) Core(TM) i5-3470 CPU @ 3.20GHz
コンパイラ：gcc version 8.2.0 (MinGW.org GCC-8.2.0-5)

seed = 0での実行結果
実行時間はミリ秒単位では0秒となるが、SC_input()とSC_output()を除く部分を1000回ループさせたところ、合計170ミリ秒程度であった。

//ここから
49
50
39
40
29
18
7
6
17
18
17
18
19
8
7
117
116
6
7
18
17
16
15
4
114
115
116
117
106
117
116
117
118
8
7
6
5
4
15
4
15
4
15
4
15
4
15
4
3
2
112
111
112
111
1
2
1
12
13
2
3
4
15
4
3
4
15
14
25
36
37
48
49
38
27
26
25
36
47
58
59
58
57
58
59
60
61
60
61
50
49
38
27
26
25
14
3
4
15
26
# elapsed time (sec) = 0.000000
//ここまで